2300	40.4954	0	339.56	29.2608	0.1100074
2300	39.9852	0	226.5	89.916	0.170688
2300	39.9852	0	226.5	89.916	0.201168
2300	39.9852	0	159.46	110.033	0.124968
2300	39.9852	0	226.5	96.9264	0.185928
2300	39.9852	0	159.46	107.899	0.103632
2300	33.5048	0	159.46	132.893	0.399288
2300	33.5048	0	190.713	93.8784	0.097536
2300	33.5048	0	159.46	110.033	0.124968
2300	33.5048	0	191.62	110.033	0.237744
2300	33.5048	0	226.5	117.043	0.222504
2300	33.5048	0	226.5	106.985	0.149352
2300	33.5048	0	159.46	147.828	0.173736
2300	33.5048	0	159.46	76.8096	0.021336
2300	33.5048	0	191.62	133.807	0.164592
2300	38.4685	0	226.5	126.797	0.448056
2300	38.4685	0	159.46	159.715	0.28956
2300	38.4685	0	191.62	78.9432	0.03048
2300	38.4685	0	191.62	119.786	0.134112
2300	35.9867	0	159.46	172.822	0.2286
2300	35.9867	0	239.64	72.8472	0.09995
2300	35.9867	0	299.43	99.9744	0.201168
2300	35.9867	0	159.46	142.951	0.079248
2300	35.9867	0	239.64	71.9328	0.429785
2300	35.9867	0	159.46	85.9536	0.064008
2300	35.9867	0	299.43	64.9224	0.109728
2300	43.9011	0	29.94	149.962	0.0799808
2300	36.4693	0	29.94	149.962	0.189905
2300	33.9874	0	29.94	186.842	0.2599376
2300	38.9856	0	33.93	147.828	0.1500552
2300	37.9859	0	33.93	101.803	0.0361244
2300	39.9852	0	51.87	98.7552	0.0944792
2300	43.5011	0	32.71	153.01	0.0689356
2300	37.9859	0	17.44	237.744	0.067966
2300	42.467	0	17.44	268.834	0.109945
2300	36.4693	0	25.1	251.765	0.12497
2300	38.9856	0	25.1	308.762	0.24994
2300	40.4678	0	34.93	219.761	0.14986
2300	25.1631	0	3.624	92.3544	0.09144
2300	24.4392	0	3.624	132.588	0.14732
2300	33.1601	0	3.64212	45.72	0.03048
2300	40.7435	0	3.64212	64.9224	0.04064
2300	40.9504	0	3.64212	67.056	0.0508
2300	39.7094	0	3.64212	61.8744	0.04318
2300	39.7784	0	96.94	37.1856	0.018288
2300	31.023	0	96.489	49.0728	0.0508
2300	33.7806	0	96.489	102.718	0.229616
2300	32.9189	0	96.489	89.916	0.077216
2300	31.023	0	97.395	114.91	0.113792
2300	22.1297	0	5.6625	27.1272	0.004572
2300	26.3351	0	5.7531	30.7848	0.00381
2300	26.3351	0	5.7531	41.148	0.003048
2300	30.3336	0	5.7078	55.7784	0.009144
2300	26.3351	0	5.7531	62.484	0.010668
2300	26.3351	0	10.6455	28.956	0.004572
2300	26.3351	0	10.6455	39.0144	0.004572
2300	32.5742	0	1.10985	165.811	0.042712
2300	34.2632	0	1.10985	163.982	0.0458592
2300	35.6765	0	1.10985	150.876	0.0386656
2300	40.3644	0	1.10985	168.859	0.0409136
2300	32.5742	0	1.10985	203.606	0.0548512
2300	34.2632	0	1.10985	205.74	0.0579984
2300	35.6765	0	1.10985	216.713	0.0588976
2300	40.3644	0	1.10985	205.74	0.0579984
2300	32.5742	0	2.24688	154.838	0.0678896
2300	34.2632	0	2.24688	154.838	0.0777808
2300	35.6765	0	2.24688	156.972	0.0710368
2300	40.5712	0	2.24688	156.972	0.0710368
2300	32.5742	0	2.24688	212.75	0.1061056
2300	34.2632	0	2.24688	212.75	0.1299344
2300	35.6765	0	2.24688	202.997	0.1020592
2300	40.3644	0	2.24688	202.997	0.1061056
2300	41.9707	0	0.89241	278.892	0.057826
2300	38.1445	0	0.89241	225.857	0.0586236
2300	35.4076	0	0.89241	145.999	0.03988
2300	42.0741	0	0.45753	234.086	0.05982
2300	38.1445	0	0.45753	145.999	0.025922
2300	39.5233	0	0.45753	163.982	0.0307076
2300	39.5233	0	0.45753	291.084	0.043868
2300	42.2671	0	0.10872	253.898	0.0250875
2300	42.2671	0	0.11778	189.89	0.024084
2300	39.4268	0	0.11778	277.063	0.0331155
1960	13.5	3	0.064	371	0.127
1960	13.5	3	0.064	590	0.312
1960	13.5	3	0.064	670	0.359
1960	13.5	3	0.064	722	0.414
1960	13.5	3	0.064	945	0.64
1960	13.5	4.25	0.064	345	0.111
1960	13.5	4.25	0.064	585	0.312
1960	13.5	4.25	0.064	722	0.439
1960	13.5	4.25	0.064	900	0.663
2370	35.2	2	0.906	277	0.173
2370	37.8	2	0.91	410	0.31
2370	38.1	2	0.907	431	0.411
2370	33.5	2	0.912	499	0.48
2370	38.4	2	0.91	567	0.525
2370	36.9	2	0.905	590	0.729
2370	40.1	2	0.901	591	0.513
2370	35.4	2	0.903	631	0.607
2370	34.7	2	0.905	642	0.62
2370	36	2	0.901	773	0.866
2370	32.4	2	0.904	800	0.958
2340	90.5	2	0.907	561	0.353
2340	91	2	0.898	581	0.384
2340	95	2	0.908	608	0.422
2340	101.4	2	0.905	622	0.437
2340	94	2	0.907	750	0.63
2340	108	2	0.9	793	0.605
1960	13.5	3	0.064	1126	0.85
1960	3.5	4.25	0.064	1063	0.86
2000	21.6	3	0.064	492	0.17
2000	21.6	3	0.064	618	0.25
2000	21.6	3	0.064	788	0.45
2000	21.6	3	0.064	910	0.55
2000	21.6	3	0.064	1029	0.75
2000	21.6	3	0.064	1142	0.85
2000	21.6	4.25	0.064	473	0.17
2000	21.6	4.25	0.064	660	0.27
2000	21.6	4.25	0.064	775	0.41
2000	21.6	4.25	0.064	921	0.57
2000	21.6	4.25	0.064	1050	0.76
2000	21.6	4.25	0.064	1190	0.88
2000	19.5	3	0.064	1356	1.06
2000	19.5	3	0.064	1408	0.58
2000	19.5	4.25	0.064	1311	0.78
2000	19.5	4.25	0.064	1359	1
2000	19.5	4.25	0.064	1430	0.84
2300	62.8	3	0.478	450	0.3
2300	62.8	3	0.478	612	0.48
2300	62.8	3	0.478	821	0.76
2300	62.8	3	0.478	926	0.95
2300	62.8	3	0.478	987	0.92
2300	62.8	3	0.478	1024	0.94
2300	51	3	1.608	405	0.37
2300	51	3	1.6	446	0.42
2300	51	3	1.6	545	0.56
2300	51	3	1.603	651	0.78
2300	51	3	1.604	804	1.05
2300	51	3	1.6	821	1.23
2300	51	3	1.603	900	1.41
2300	51	3	1.599	1009	1.75
2300	51	3	1.609	1069	1.96
2300	51	3	1.603	1201	2.03
2320	58.4	3	0.478	442	0.287
2320	58.4	3	0.478	610	0.491
2320	58.4	3	0.478	815	0.84
2320	58.4	3	0.478	1009	1.3
2320	58.4	3	0.478	1162	1.59
2320	58.4	3	0.478	971	0.73
2320	58.4	3	0.478	994	1.16
2320	58.4	3	0.478	1165	1.46
2320	58.4	3	0.478	797	1.01
2320	58.4	3	0.478	803	1.226
2320	58.4	3	1.62	445	0.46
2320	58.4	3	1.62	584	0.79
2320	58.4	3	1.62	796	1.23
2320	58.4	3	1.62	980	1.95
2320	58.4	3	1.62	992	1.96
2320	58.4	3	1.62	1176	2.67
2320	58.4	3	1.62	972	1.96
2320	58.4	3	1.62	1225	2.83
2337	38.15	4.8	0.0153	616	0.13513
2337	38.15	4.8	0.0151	298	0.04003
2337	38.15	4.8	0.0144	291	0.04627
2337	38.15	4.8	0.0149	295	0.06348
2337	38.15	4.8	0.0147	291	0.08019
2337	38.15	4.8	0.0151	310	0.09915
2337	38.15	4.8	0.0149	375	0.05807
2337	38.15	4.8	0.0148	362	0.08019
2337	38.15	4.8	0.0149	359	0.1182
2337	38.15	4.8	0.015	186	0.02426
2337	38.15	4.8	0.015	183	0.03233
2337	38.15	4.8	0.015	207	0.04199
2337	38.15	4.8	0.015	203	0.05472
2337	38.15	4.8	0.015	212	0.06899
1970	23	3	13.043	139.3	0.24
1970	23	3	13.037	200	0.42
1970	23	3	13.085	250	0.62
1970	23	3	13.158	283.7	0.76
1970	23	3	13.08	336.6	0.93
1970	23	3	13.119	378.6	1.18
1970	23	6	13.061	238.4	0.58
1970	23	6	13.064	378.6	1.25
2190	39	3	12.923	238.1	0.3
2190	39	3	12.9	275.7	0.38
2190	39	3	12.91	314	0.45
2190	39	3	12.914	369.5	0.53
2190	39	3	12.957	456.4	0.94
2190	39	6	12.873	315.5	0.61
2190	39	6	12.909	448.5	0.99
